255 252 255 255 254 253 252 255 255 255 253 254 252 255 255 255 255 253 255 254 255 254 254 255 254 255 255 254 254 255 253 255 
251 255 253 255 255 254 253 255 255 250 254  3   0   1   0   0   0   0   2   0  254 255 255 255 254 255 252 255 255 253 255 255 
255 255 252 253 253 255 254 252 251  3   3   0   3   0   3   2   1   3   2   3   0   0  255 250 255 252 255 253 255 253 255 254 
255 254 255 255 254 255 250 255  2   2   0   0   2   1   1   0   2   3   0   0   2   1   1   6  254 254 255 255 255 255 253 255 
255 255 253 255 252 255 255  0   0   0   0   2   0   0   3   4   0   2   3   1   3   0   2   3  247 255 251 253 254 253 255 253 
252 255 255 253 255 253  0   0   4   0   2   0   5  251 252 253 255 250  0   2   0   3   0   0   1  253 254 255 255 254 254 255 
255 252 253 255 251 255  2   2   0   1   3   1  252 255 254 255 255 255 255 250  3   0   0   1   0   0  251 255 253 255 255 253 
254 255 255 255 253  2   4   0   3   0   1  253 255 255 253 254 255 252 255 253 255  0   2   1   2   0  255 252 255 255 255 255 
254 255 255 255 255  0   1   0   0   1  252 253 252 254 255 252 252 255 255 253 254  1   0   0   4   0  255 255 254 255 253 255 
255 254 254 253 255  2   2   0   2   1  253 255 250 255 255 255 255 252 255 255 253  2   1   2   2   1   0  255 255 255 255 255 
255 253 255 255 249  1   2   2   1  255 253 253 255 255 252 253 252 255 251 255 255 248  5   0   0   3   1  249 255 255 253 254 
254 254 255 255  6   1   6   0   1  255 254 255 254 254 255 255 255 254 255 255 254 255  0   5   0   1   2  254 255 254 255 255 
255 255 254 254 251  2   0   4   1  252 253 255 251 255 252 255 250 255 255 253 253  8   0   0   2   0  251 254 255 254 255 251 
253 254 253 255 255 255 255 254 253 254 255 253 255 255 255 253 255 253 255 255 254  0   0   3   0   2  255 254 252 255 254 255 
255 255 255 255 254 252 254 251 254 253 255 255 254 252 253 255 255 252 252 255 254  1   2   3   0   0  255 255 255 255 255 252 
254 255 255 255 253 255 253 255 253 255 255 248 255 253 255 248 253 255 253 255  0   1   0   0   0   3  253 253 255 254 255 255 
254 255 255 255 254 254 254 254 255 254 255 252 255 255 252 255 255 252 255  2   0   1   0   2   2  255 255 254 253 255 255 254 
255 255 255 255 254 254 254 254 255 253 249 255 255 254 254 254 254 255  0   1   0   4   2   0  254 252 253 255 255 254 252 255 
255 255 255 255 255 255 254 253 255 255 255 253 254 254 255 251 254  0   0   4   1   0   2   1  255 253 255 251 255 255 253 255 
255 255 255 255 255 255 254 253 255 249 255 253 249 254 254  2   3   5   0   0   1   0   1  254 254 253 252 255 254 254 255 255 
255 255 255 255 255 255 254 253 254 255 252 253 255 254  1   0   0   0   3   2   1  255 251 255 255 255 255 253 255 255 255 253 
255 255 255 255 254 254 254 253 252 252 255 255  0   0   2   1   2   0   2   0  255 254 255 254 252 253 253 255 255 253 255 253 
255 255 255 254 254 254 254 254 255 253  3   0   2   0   0   0   0   0   1  255 248 255 255 255 255 252 254 254 253 255 250 255 
255 255 255 255 254 254 254 255 254  1   1   3   0   0   4   0   0  255 254 250 255 251 255 254 255 252 255 255 255 255 255 253 
255 254 254 255 254 255 253 255  0   0   1   0   2   0   0  255 253 254 255 255 254 254 255 255 251 255 252 255 255 253 255 255 
254 255 255 253 254 255 254  1   0   4   0   0   0   1  252 254 255 255 255 255 255 255 254 255 255 250 255 255 254 255 254 255 
253 255 252 255 255 249  0   2   0   0   2   0  255 255 255 255 255 255 255 255 255 255 254 253 255 251 255 252 254 255 255 255 
255 255 253 255 255 251  6   0   1   0   3  254 255 253 255 250 255 255 255 255 255 255 255 255 255 253 255 255 253 255 254 255 
255 252 255 251 251  4   0   5   4   0  255 255 254 249 255 255 254 254 255 254 253 253 254 254 254 251 255 250 255 252 255 255 
254 255 255 255 252  1   3   0   0   2  254 252 255 255 251 253 254 255 255 255 253 253 253 254 255 255 255 255 255 254 254 254 
252 255 254 254  1   3   0   2   2  252 255 255 254 255 255 254 255 255 255 255 255 255 255 255 253 255 249 251 255 255 254 255 
255 255 254 254  1   0   0   1   3   0   3   0   0   0   0   1   0   0   0   0   0   0   0   0   0   0  254 255 255 253 255 253 
255 254 255 255  1   0   2   0   1   1   1   1   0   0   0   0   0   0   0   1   0   0   0   0   1   1  255 254 255 254 253 255 
254 255 254 255  0   1   0   1   1   1   1   1   1   1   0   0   1   0   1   2   1   2   2   1   2   0  254 254 255 255 255 254 
254 255 255 251  3   0   0   1   0   0   0   0   0   0   0   0   0   0   0   0   0   0   0   0   0   1  255 255 253 255 254 255 
254 255 254 255 255 255 254 255 255 255 255 255 255 255 255 255 255 255 255 255 255 255 255 253 254 255 252 255 254 255 255 255 
