255 253 251 255 254 255 255 254 253 255 255 253 255 254 254 255 255 253 255 255 249 253 255 254 254 255 255 255 255 
255 253 255 254 252 255 255 252  1   0   0   0   0   0   0   0   0   0   3  255 252 254 255 254 254 255 255 255 255 
255 252 250 255 252 255  0   2   0   0   2   2   0   0   0   1   0   5   0   0   2  255 255 250 254 255 255 255 255 
254 255 252 251 255  0   0   4   0   1   1   0   5   4   2   4   1   0   0   5   0   0  252 255 254 255 255 255 255 
255 255 252 255  0   3   2   0   2   0   1   3   0   1   0   0   0   0   2   2   2   3  255 254 253 255 255 255 255 
255 253 253  2   2   0   3   0   2   0  255 255 255 255 255 254  3   3   4   0   0   1   0  255 253 254 255 255 255 
253 255 254  0   1   0   0   6  254 255 254 253 253 246 255 255 255 251  1   2   0   4   1  255 253 254 255 255 255 
255 252 254  0   0   3   0   0  255 252 255 255 254 255 253 255 253 255  0   4   1   0   1  254 253 254 255 255 255 
253 255 252  3   1   1   2  253 254 255 254 252 255 255 251 254 254 255  1   0   3   0   1  255 255 255 255 255 255 
255 255 251  0   0   0   0  255 254 255 253 255 255 252 255 255 255 252  0   0   1   0   2  255 255 255 255 255 255 
254 253 255 250 255 255 254 255 255 251 254 252 255 252 255 252 254  0   6   4   0   2   0  253 255 255 255 255 255 
255 252 251 255 252 252 255 252 255 251 255 255 253  3   0   3   4   1   0   0   0   0   1  255 255 255 255 255 255 
254 253 255 253 255 255 255 253  0   3   2   0   1   1   2   0   0   1   3   2   0   5   0  253 255 255 255 255 255 
255 255 255 255 248  1   0   1   0   4   0   2   1   0   2   0   2   2   0   0   2   0   2  251 255 255 255 255 255 
253 255 251 254  3   2   0   2   1   0   0   2   0   3   0   1   1  255  0   2   2   0   1  255 255 255 255 255 255 
255 253 254  3   0   0   1   0   3   0   2  254 255 254 255 253 255 252  2   2   1   0   2  252 255 255 255 255 255 
254 255  0   3   2   0   2   1   1  252 255 255 254 255 250 255 254 253  0   4   0   0   0  253 255 253 255 255 254 
254 255  3   0   2   1   2  252 255 255 253 251 255 255 252 255 255 252  6   0   0   4   2  255 255 253 255 254 255 
255 252  0   3   0   0   0  255 253 255 254 255 255 252 255 251 254 255  0   2   4   0   0  255 254 253 254 255 254 
253 255  3   0   3   4   1  255 255 254 253 255 254 255 251 255 252 255  0   5   2   0   0  254 254 255 255 253 255 
255 255  0   1   0   6   1  249 255 255 255 255 254 251 254 255 255  0   5   1   0   1   2  255 255 252 255 253 253 
254 252  1   3   1   0   6  252 252 255 253 255 255 254 255 251  0   3   0   2   4   0   3  252 255 255 255 253 255 
255 255  1   1   0   2   0   7   3  252 252 255 253 255  0   3   0   5   0   0   2   3   0  255 255 251 255 253 255 
255 253  1   0   5   0   4   0   5   0   2   0   0   0   5   0   1   1   1   1   0   2   1   1   1  255 254 255 253 
252 255 253  0   1   0   2   0   0   1   0   0   5   1   1   1   0   0  255  0   0   1   0   5   0  255 255 255 255 
255 252 255 255  0   3   2   2   5   0   7   2   0   3   0   2   1  252 255  0   3   4   1   0   1  254 253 253 255 
252 255 251 255 255 255  0   0   0   0   0   0   2   2  254 253 255 255 253 254  2   1   0   6   0  255 255 255 254 
255 251 255 252 255 255 255 255 255 255 255 253 255 254 254 255 255 253 255 252 255 253 255 251 255 254 254 255 253 
