255 255 254 252 255 251 255 254 255 253 255 254 251 255 253 255 254 255 254 253 253 255 254 255 255 255 255 
253 254 254 255 252 255 255 254 254 255 219 191 178 174 212 239 255 252 255 255 255 254 254 252 255 255 255 
255 255 252 254 255 254 249 194 94  15   2   7   0   4   0   5  17  85  202 246 252 255 254 255 255 255 255 
254 255 252 255 255 250 127  3   3   0   1   0   2   0   4   0   1   0   1  76  206 255 252 255 255 255 255 
254 255 255 255 229 71   1   2   0   1   0   0   5   1   0   6   0   2   0   0   9  208 255 252 255 255 255 
255 249 255 222 30   2   2   0   0   0   3   2  15  22   7   0   1   0   4   1   2  26  229 255 255 255 255 
255 255 251 90   1   0   0   4   0  35  155 236 255 252 250 188 59   2   0   2   0   1  58  254 255 255 255 
255 255 211  2   0   1   0   0  51  228 255 253 252 254 252 255 253 109  1   5   1   0   4  224 255 255 255 
255 253 85   0   5   2   0  60  243 250 255 255 255 255 255 253 255 254 66   1   0   2   0  154 255 255 255 
251 209  0   3   0   0   4  207 252 255 255 255 253 254 254 253 255 250 177  0   0   1   2  70  255 255 255 
255 144  5   0   0   3  49  254 255 255 254 253 253 254 254 255 253 255 250 88  63  59  60  78  255 255 255 
253 104  1   0   0   1  164 254 254 252 252 254 255 254 254 255 254 251 255 253 255 255 248 255 255 255 255 
255 76   0   5   1   0  216 252 255 254 254 255 255 254 253 254 255 255 254 255 253 255 253 250 255 255 255 
255 39   2   0   0   5  243 255 255 255 255 255 255 253 254 255 255 251 255 255 255 252 255 255 255 255 255 
251  3   2   5   0  20  255 255 255 254 254 254 255 255 255 255 253 254 254 255 254 254 255 253 255 255 255 
248  3   0   2   3  19  255 254 255 255 254 255 255 255 255 254 255 255 254 253 255 254 252 255 255 255 255 
253 22   3   3   0   9  244 255 255 254 255 255 255 251 255 254 255 255 254 252 253 255 255 255 255 255 255 
255 61   1   1   0   1  225 255 251 255 255 252 254 255 255 254 253 255 253 254 249 242 254 248 252 254 255 
253 98   0   6   0   0  173 253 255 251 255 255 255 251 254 255 255 252 252 51   0   5   0   6  251 252 254 
255 133  1   0   8   3  63  252 255 252 254 255 251 255 254 254 254 254 229  1   0   0   2  52  252 253 255 
255 186  0   0   0   1   0  209 253 255 255 255 255 253 255 254 253 255 152  0   2   0   4  128 254 255 255 
254 249 47   1   6   0   4  57  240 252 253 254 254 255 255 255 252 221 15   2   0   3   0  206 255 255 255 
254 255 186  1   0   1   0   1  46  229 255 255 255 252 254 255 218 54   0   0   0   2  30  253 255 255 255 
254 253 254 66   2   2   0   1   1  29  106 169 231 227 186 118  4   0   2   1   1   0  196 255 255 255 255 
254 255 253 211 14   0   2   0   0   1   0   0   2   2   1   0   2   0   3   2   0  134 255 250 255 255 255 
251 255 252 255 225 64   0   1   3   1   4   1   0   0   0   4   0   4   0   0  85  248 255 255 255 255 255 
255 254 252 251 254 252 130  9   0   3   2   2   0   0   4   0   2   1  39  176 255 255 253 254 255 255 255 
254 255 255 255 252 255 249 212 128 52   5   1   2   2  20  57  90  146 250 255 253 255 253 254 255 255 255 
255 251 249 254 254 253 255 255 254 255 253 245 230 231 250 254 255 253 255 249 255 255 251 255 255 255 255 
253 255 255 254 250 255 253 254 255 252 255 253 252 255 255 255 254 253 255 253 251 255 255 255 255 255 255 
