255 254 255 253 255 255 253 255 255 255 255 255 255 
255 254 254 255 252 255 255 255 255 255 255 255 255 
255 255 255 255 255 252 255 255 255 255 255 255 255 
255 253  1   0   4   0   1   0  254 254 254 255 255 
255 251  4   0   0   4   0   4  255 255 254 254 253 
255 254  3   2   1   0   3   0  255 255 255 255 255 
254 255  0   0   4   0   0   0  255 255 255 255 255 
255 255  0   2   0   0   1   3  255 255 254 253 253 
255 251  2   0   0   1   1   0  254 254 255 255 255 
252 255 255 255 254 255 255 255 255 255 255 255 255 
254 255 250 253 255 252 255 253 255 255 255 255 255 
