254 255 255 255 254 255 254 255 254 251 224 193 180 175 205 240 254 255 255 252 255 254 252 255 255 255 255 255 
255 255 252 255 250 255 252 225 111 33   0   3   0   0   5   0  36  138 239 255 255 252 255 253 255 255 255 255 
255 251 254 253 254 251 167 15   0   0   3   0   5   2   0   0   0   1   5  175 254 255 255 251 255 255 254 255 
255 253 255 254 244 102  1   0   1   2   0   3   0   2   1   0   2   2   5   1  135 251 255 254 255 254 254 255 
250 255 247 247 44   1   4   2   0   3   0   0  17   1   0   6   3   0   0   1   0  168 252 253 254 254 254 255 
255 255 255 136  2   0   0   0   1  64  184 234 254 250 192 102  0   2   0   4   0   8  217 255 254 254 255 255 
253 255 222  8   0   0   7   4  141 251 255 255 251 255 255 254 190 26   3   1   1   0  88  248 253 254 255 255 
255 254 87   2   2   0   0  135 251 255 253 255 254 254 251 255 255 202  5   0   1   2   1  216 253 254 255 255 
255 202  2   0   0   4  45  252 255 255 255 255 255 255 255 254 254 253 123  0   0   1   3  123 255 254 254 255 
253 129  0   4   1   0  168 253 254 254 255 255 255 255 255 255 255 250 245  8   0   0   1  49  250 255 254 253 
251 69   0   2   0   2  223 255 254 254 254 255 255 255 255 255 253 255 251 50   9   2   2   0  254 253 254 255 
253 25   0   0   4   0  64  68  68  68  68  68  68  68  68  68  72  67  70   0   0   1   0   4  226 251 255 255 
254  7   1   0   1   3   4   0   1   1   0   0   0   0   0   0   0   0   2   0   6   0   4   0  210 254 253 255 
244  0   3   6   0   0   0   2   0   0   0   0   0   0   0   0   0   3   0   2   0   0   2   0  181 255 252 255 
249  4   0   0   0   3   4   0   1   1   1   0   0   0   0   0   1   2   0   0   3   0   0   1  166 255 255 250 
254 45   0   2   0  13  150 148 148 148 147 147 146 146 146 146 147 145 147 146 151 144 150 150 248 253 253 255 
254 80   4   0   0   5  249 255 253 253 254 255 255 254 255 253 254 255 251 255 255 255 251 255 255 255 255 255 
255 121  0   1   0   3  222 253 255 255 255 255 251 254 252 255 253 255 255 251 254 250 255 253 255 254 254 255 
252 166  0   4   2   0  130 255 254 254 250 253 255 251 255 254 255 253 255 105 40  53  44  70  255 254 254 255 
255 218  5   2   0   8  13  234 255 253 255 255 255 254 250 251 252 255 231  0   5   1   0  65  254 254 254 255 
255 255 102  0   4   0   0  98  251 254 253 255 253 254 255 255 255 253 106  3   1   0   3  159 254 254 254 255 
251 255 230 10   5   2   0   0  58  228 255 254 252 255 254 250 255 131  2   2   0   2  10  240 254 254 254 255 
255 251 252 125  0   2   0   4   2  19  113 156 212 239 212 168 43   2   7   0   0   0  108 255 254 254 254 255 
251 255 254 239 48   0   4   2   0   1   0   4   2   0   2   0   4   1   0   0   0  73  254 250 254 253 254 255 
255 254 254 255 248 109  7   0   1   1   2   0   1   4   0   2   1   0   3   0  49  241 254 255 255 255 255 255 
255 254 255 251 253 255 172 20   3   2   0   0   2   2   0   0   0   0  18  131 241 254 255 251 255 255 255 255 
251 255 255 255 255 255 255 228 144 69  15   1   1   0   8  38  72  142 239 252 255 253 255 251 254 254 255 255 
255 255 251 253 255 248 255 255 252 255 255 245 230 230 248 255 255 247 255 253 246 255 255 255 254 254 255 255 
253 255 254 255 255 255 251 252 254 251 255 254 252 255 255 254 254 254 255 255 255 254 250 255 254 254 254 255 
255 252 255 253 253 254 252 255 255 255 249 255 255 250 255 254 255 255 250 254 255 251 255 252 254 254 254 255 
